GangZoneCreate(2482.424560,-1678.869140,2438.352050,-1654.626586);
GangZoneCreate(2480.347900,-1665.482666,2417.005615,-1656.104492);
GangZoneCreate(2482.487792,-1668.548583,2405.149169,-1658.811401);
GangZoneCreate(265.975860,-1324.230224,797.445556,-1023.591186);
GangZoneCreate(2062.590820,-1912.519165,2062.590820,-1912.519165);
GangZoneCreate(2161.176025,-1790.171997,2161.477783,-1791.090209);
GangZoneCreate(2161.477783,-1791.090209,2161.477783,-1791.090209);
GangZoneCreate(1766.474975,-2050.473632,1765.494995,-2059.603759);
GangZoneCreate(1765.292358,-2059.190429,1778.725830,-2049.212158);
GangZoneCreate(1825.741943,-1557.168334,1825.741943,-1557.168334);
GangZoneCreate(226.733184,-1409.598632,1708.526977,-1573.799682);
GangZoneCreate(226.733184,-1409.598632,1783.784423,-2047.500366);
GangZoneCreate(1783.431274,-2051.561523,1783.059326,-2051.597900);
GangZoneCreate(1783.431274,-2051.561523,219.592529,-1413.669555);
GangZoneCreate(1783.059326,-2051.597900,1783.059326,-2051.597900);
GangZoneCreate(1715.779174,-1625.087036,1707.859741,-1575.190551);
GangZoneCreate(1785.328369,-2054.453613,227.335678,-1408.233520);
GangZoneCreate(1785.328369,-2054.453613,226.867065,-1409.640991);
GangZoneCreate(1386.086303,-1043.344848,1777.645019,-2039.671020);
GangZoneCreate(1783.557617,-2051.626220,1783.557617,-2051.626220);
GangZoneCreate(2335.928222,-1921.814208,231.813812,-1420.828369);
GangZoneCreate(2335.928222,-1921.814208,1804.772583,-2070.210205);
GangZoneCreate(1795.200073,-2054.550292,2346.877685,-1938.209960);
GangZoneCreate(2333.251708,-1920.125244,2343.887939,-1907.327514);
GangZoneCreate(2201.588378,-1696.935546,0.000000,0.000000);
GangZoneCreate(2433.719238,-1734.380737,2449.803710,-1736.479858);
GangZoneCreate(681.136352,-1265.440185,686.080017,-1275.158691);
GangZoneCreate(1821.562744,-1582.314941,1809.824340,-1601.407836);
GangZoneCreate(1899.681030,-1566.885131,1900.128906,-1565.521972);
GangZoneCreate(1900.702514,-1565.459838,1906.049682,-1573.734375);
GangZoneCreate(1896.516235,-1585.168701,1897.283447,-1585.845336);
